Given the rows and colums print the desired output as shown below 
 ==========
 input : 5
 output:
 ==========
1 2 3 4 5
2 9 8 7 6
3 8 10 11 12
4 7 11 14 13
5 6 12 13 15
======================
 input: 8
 output:
1 2 3 4 5 6 7 8
2 15 14 13 12 11 10 9
3 14 16 17 18 19 20 21
4 13 17 26 25 24 23 22
5 12 18 25 27 28 29 30
6 11 19 24 28 33 32 31
7 10 20 23 29 32 34 35
8 9 21 22 30 31 35 36
=======================
Program :
#include <stdio.h>

int main()
{
    int n,sum=1;;
    scanf("%d",&n);
    int a[n][n];
    for(int i=0;i<n;i++)
    {
        for(int j=i;j<n;j++)
        {
            if(i%2==0)
            {
                a[i][j]=sum;
                a[j][i]=sum;
                sum++;
            }
            else
            {
                for(int k=(n-1);k>=i;k--)
                {
                    a[k][i]=sum;
                    a[i][k]=sum;
                    sum++;
                }
                break;
            }
        }
    }
    for(int i=0;i<n;i++)
    {
        for(int j=0;j<n;j++)
        {
            printf("%d ",a[i][j]);
        }
        printf("\n");
    }
}
